5 4 0 0 0 0
4.9179 4.00077 -0.0224623 -0.0832573 -0.0227763 0.986212
4.84183 3.99941 0.0742108 -0.0771681 0.0980246 0.986212
4.82789 3.99876 0.0076279 -0.0141554 -0.0675138 0.986212
4.78679 3.997 0.0920389 -0.0417208 0.0855912 0.986212
4.71361 3.98954 0.116083 -0.0895126 0.0292559 0.821843
4.68383 3.98583 0.147924 -0.091296 0.0968603 0.328737
4.67223 3.98419 0.12437 -0.0237629 -0.0477668 0.493106
4.65787 3.98253 0.103031 -0.0146511 -0.0216377 0.986212
4.55241 3.9699 0.138777 -0.0646274 0.0217474 1.64369
4.56457 3.97146 0.10755 0.0186599 -0.047495 0.657475
4.55275 3.97016 0.11434 -0.0361737 0.0206539 0.328737
4.54773 3.96958 0.123444 -0.0307761 0.0553924 0.164369
4.5249 3.96682 0.11546 -0.0349773 -0.0121435 0.657475
4.51545 3.96574 0.110277 -0.0289333 -0.0157674 0.328737
4.49499 3.96369 0.0786302 -0.0416896 -0.0641786 0.493106
4.43927 3.9583 0.118814 -0.0378442 0.0271634 1.47932
4.42653 3.95678 0.107097 -0.0781009 -0.0712795 0.164369
4.42452 3.95658 0.0796985 -0.00204455 -0.027782 0.986212
4.38188 3.95278 0.100457 -0.0260454 0.0126291 1.64369
4.28941 3.94141 0.150424 -0.0708595 0.0379995 1.31495
4.26256 3.93799 0.0870691 -0.0411779 -0.0963613 0.657475
4.26144 3.93789 0.0980519 -0.00682385 0.0668183 0.164369
4.14141 3.91932 0.224792 -0.092429 0.0963841 1.31495
4.12643 3.91604 0.196317 -0.0311046 -0.0577462 0.493106
4.05998 3.90193 0.2288 -0.082654 0.0395239 0.821843
4.01172 3.89017 0.255936 -0.075557 0.0412741 0.657475
4.00959 3.88961 0.25905 -0.0133743 0.018944 0.164369
4.00714 3.88891 0.308367 -0.00155019 0.0300041 1.64369
3.91582 3.86295 0.232921 -0.0962951 -0.0765015 0.986212
3.87918 3.85396 0.256094 -0.0765019 0.0469949 0.493106
3.89491 3.85785 0.2149 0.0328584 -0.0835394 0.493106
3.81541 3.83663 0.316817 -0.0500807 0.0620049 1.64369
3.80053 3.83175 0.302532 -0.095276 -0.086906 0.164369
3.76889 3.82276 0.23869 -0.040034 -0.077682 0.821843
3.75511 3.81941 0.253241 -0.086278 0.0885303 0.164369
3.69592 3.80401 0.256381 -0.093019 0.00477493 0.657475
3.61001 3.78009 0.292782 -0.0904236 0.0369105 0.986212
3.62754 3.786 0.365168 0.0125026 0.0489315 1.47932
3.48494 3.73372 0.334667 -0.0924021 -0.018556 1.64369
3.57877 3.77186 0.452337 0.0770675 0.0894863 1.31495
3.54091 3.75419 0.405376 -0.0847326 -0.0952368 0.493106
3.40843 3.70768 0.254838 -0.0854997 -0.0915855 1.64369
3.39532 3.7043 0.248777 -0.0137296 -0.00614565 0.986212
3.36558 3.69745 0.188897 -0.0464358 -0.0910752 0.657475
3.41297 3.70867 0.288409 0.0370527 0.0756771 1.31495
3.31488 3.68072 0.264421 -0.0620522 -0.0145942 1.64369
3.24928 3.66366 0.240363 -0.0687286 -0.0243939 0.986212
3.14779 3.64119 0.189805 -0.070278 -0.0341766 1.47932
3.0578 3.62125 0.253394 -0.0623147 0.0429856 1.47932
2.98563 3.60074 0.31204 -0.09131 0.0713593 0.821843
2.9428 3.58688 0.31469 -0.0912921 0.00537401 0.493106
2.92522 3.58085 0.357732 -0.0282685 0.0654645 0.657475
2.90992 3.57488 0.400314 -0.0333079 0.0863553 0.493106
2.8401 3.54283 0.475258 -0.0934977 0.0911896 0.821843
2.83846 3.54194 0.528367 -0.00226822 0.0646227 0.821843
2.80641 3.52479 0.443992 -0.0276589 -0.0641665 1.31495
2.74533 3.49209 0.554927 -0.0602457 0.0964166 1.15058
2.70714 3.46822 0.563817 -0.0456658 0.00901516 0.986212
2.67807 3.44839 0.647227 -0.0356839 0.0845759 0.986212
2.65737 3.4329 0.636205 -0.0196589 -0.00838192 1.31495
2.64541 3.42397 0.656958 -0.0454254 0.0631284 0.328737
2.62222 3.40571 0.6871 -0.0598636 0.061126 0.493106
2.57077 3.36437 0.662409 -0.0669224 -0.0250363 0.986212
2.54305 3.34272 0.664267 -0.0214015 0.00113052 1.64369
2.50515 3.31308 0.662501 -0.0975624 -0.00358108 0.493106
2.47908 3.29194 0.707786 -0.0340324 0.045918 0.986212
2.41357 3.23363 0.754643 -0.0889441 0.047512 0.986212
2.40147 3.22228 0.750093 -0.0504555 -0.0138411 0.328737
2.38904 3.21072 0.745161 -0.0516365 -0.015002 0.328737
2.33747 3.16332 0.74109 -0.0426155 -0.00247684 1.64369
2.27944 3.11252 0.688319 -0.0782101 -0.0535082 0.986212
2.19841 3.04665 0.675187 -0.0794134 -0.00998722 1.31495
2.2073 3.05352 0.630074 0.0170859 -0.0686144 0.657475
2.11588 2.98122 0.719353 -0.088662 0.0678947 1.31495
2.05662 2.92883 0.729714 -0.0534676 0.00700445 1.47932
2.00213 2.8787 0.763405 -0.0750885 0.0341616 0.986212
1.95161 2.8257 0.870397 -0.0636648 0.0929897 1.15058
1.94041 2.81251 0.857883 -0.0526331 -0.0380674 0.328737
1.92619 2.79594 0.871284 -0.0664332 0.0407648 0.328737
1.86083 2.71335 0.940081 -0.0801116 0.0523193 1.31495
1.85336 2.70305 0.947427 -0.0129011 0.00744866 0.986212
1.84847 2.69633 0.934922 -0.00843128 -0.0126797 0.986212
1.83593 2.67989 0.887277 -0.0419357 -0.0966223 0.493106
1.77187 2.60486 0.835107 -0.0666985 -0.0352663 1.47932
1.74531 2.57467 0.868323 -0.0349467 0.0288685 1.15058
1.71868 2.54468 0.809204 -0.0488009 -0.0719345 0.821843
1.66297 2.49049 0.723152 -0.0591217 -0.0654415 1.31495
1.6219 2.45518 0.690491 -0.0659091 -0.0397406 0.821843
1.62116 2.45457 0.706745 -0.00583578 0.0988901 0.164369
1.61176 2.44654 0.695784 -0.0752267 -0.066688 0.164369
1.59355 2.43193 0.64367 -0.0355086 -0.0792638 0.657475
1.58104 2.42255 0.644367 -0.0951552 0.00423703 0.164369
1.55536 2.40284 0.667906 -0.028134 0.0204589 1.15058
1.53275 2.38294 0.791552 -0.0229207 0.0940308 1.31495
1.45245 2.31148 0.646693 -0.0727259 -0.0979224 1.47932
1.42616 2.29122 0.673187 -0.0504907 0.0402962 0.657475
1.41349 2.28161 0.612754 -0.0193525 -0.0735342 0.821843
1.39123 2.26427 0.722788 -0.0190779 0.0743818 1.47932
1.28607 2.15857 0.867614 -0.0907894 0.0881107 1.64369
1.27894 2.15016 0.883263 -0.0671032 0.0952045 0.164369
1.2434 2.10888 0.82092 -0.0828603 -0.0948225 0.657475
1.22694 2.09175 0.774637 -0.0481912 -0.0938584 0.493106
1.19247 2.05659 0.820514 -0.0299544 0.0279108 1.64369
1.19304 2.0572 0.798852 0.00254004 -0.0658939 0.328737
1.11877 1.98808 0.686082 -0.0772025 -0.0857604 1.31495
1.11174 1.98229 0.691996 -0.0069284 0.0044975 1.31495
1.08273 1.96059 0.579859 -0.0244989 -0.075803 1.47932
1.04475 1.93505 0.616434 -0.0928148 0.0741735 0.493106
0.963748 1.87523 0.661312 -0.0765855 0.034129 1.31495
0.954961 1.86849 0.633154 -0.0336848 -0.0856569 0.328737
1.04582 1.92814 0.513714 0.082703 -0.0908325 1.31495
1.00366 1.90668 0.413432 -0.0411353 -0.0871573 1.15058
0.986982 1.89946 0.401014 -0.0276369 -0.0188873 0.657475
0.942165 1.88097 0.37186 -0.0983234 -0.0591225 0.493106
0.866003 1.85119 0.37409 -0.0995051 0.00271261 0.821843
0.746829 1.80717 0.328994 -0.0772977 -0.0274359 1.64369
0.656142 1.77081 0.448553 -0.0743458 0.0909231 1.31495
0.5318 1.71273 0.422531 -0.0927736 -0.0175904 1.47932
0.502785 1.69975 0.416959 -0.0644629 -0.0113007 0.493106
0.451876 1.67842 0.363322 -0.0839655 -0.0815794 0.657475
0.416097 1.66552 0.319637 -0.0462779 -0.0531552 0.821843
0.432467 1.67123 0.366928 0.0351599 0.0959031 0.493106
0.326467 1.62765 0.420949 -0.0996226 0.0469512 1.15058
0.289411 1.61152 0.394683 -0.0491746 -0.0319596 0.821843
0.204027 1.58026 0.294737 -0.0691763 -0.0760073 1.31495
0.186547 1.57511 0.274956 -0.0221755 -0.0240697 0.821843
0.192807 1.57687 0.26369 0.0395706 -0.0685365 0.164369
0.153097 1.56495 0.32613 -0.0252296 0.0379872 1.64369
0.0807493 1.54541 0.18761 -0.0456286 -0.084274 1.64369
0.0569993 1.54096 0.177988 -0.0735032 -0.0292682 0.328737
0.0355754 1.53696 0.196946 -0.044196 0.0384456 0.493106
0.0552362 1.53976 0.0701893 0.0151126 -0.0963965 1.31495
0.00761699 1.53736 0.0171776 -0.0725271 -0.0806293 0.657475
-0.0813727 1.53632 0.00408679 -0.0902407 -0.0132738 0.986212
-0.204223 1.538 -0.0354354 -0.0747526 -0.0240448 1.64369
-0.262401 1.53888 0.0136208 -0.0590032 0.049742 0.986212
-0.257703 1.53906 0.0755157 0.00476727 0.0627603 0.986212
-0.254241 1.53938 0.11469 0.00528846 0.0595831 0.657475
-0.291251 1.53484 0.134211 -0.0567135 0.0296909 0.657475
-0.345296 1.52663 0.175471 -0.0665192 0.0502045 0.821843
-0.386582 1.51794 0.255265 -0.051349 0.0970917 0.821843
-0.367774 1.52321 0.296811 0.0169761 0.0361081 1.15058
-0.460413 1.49536 0.285835 -0.0735647 -0.00834725 1.31495
-0.473675 1.4914 0.296432 -0.0168405 0.0128947 0.821843
-0.525657 1.4753 0.30689 -0.082769 0.0159062 0.657475
-0.539645 1.47063 0.353914 -0.0299122 0.095363 0.493106
-0.583369 1.45532 0.311115 -0.0563738 -0.0520771 0.821843
-0.574439 1.45837 0.359605 0.0143548 0.0737528 0.657475
-0.638031 1.43226 0.43462 -0.0836648 0.0912759 0.821843
-0.692826 1.40662 0.442353 -0.0736139 0.00940975 0.821843
-0.725503 1.39069 0.469049 -0.0368594 0.0270692 0.986212
-0.754671 1.37599 0.460349 -0.0993615 -0.0264669 0.328737
-0.872143 1.31284 0.533477 -0.0811592 0.0444904 1.64369
-0.90983 1.29072 0.525345 -0.0886192 -0.01649 0.493106
-0.909841 1.29071 0.511304 -3.93421e-05 -0.0427128 0.328737
-0.911429 1.28981 0.5331 -0.00370793 0.0442003 0.493106
-0.919883 1.28485 0.523021 -0.0298167 -0.0306601 0.328737
-0.931808 1.27797 0.517381 -0.0837458 -0.0343082 0.164369
-1.00956 1.23843 0.407864 -0.0758478 -0.0951846 1.15058
-1.00911 1.23863 0.401068 0.00298957 -0.0413433 0.164369
-1.06154 1.21788 0.347281 -0.0343086 -0.0327237 1.64369
-1.07994 1.21095 0.385041 -0.0398726 0.0765759 0.493106
-1.21747 1.16429 0.256242 -0.0884196 -0.0783596 1.64369
-1.1955 1.17067 0.317278 0.019889 0.053048 1.15058
-1.30128 1.13037 0.423964 -0.0861261 0.081133 1.31495
-1.2976 1.13206 0.449276 0.0123175 0.0769967 0.328737
-1.29245 1.13455 0.459769 0.0348 0.0638426 0.164369
-1.42944 1.0721 0.388468 -0.0916158 -0.0433791 1.64369
-1.51741 1.03584 0.394553 -0.0964792 0.00617041 0.986212
-1.63174 0.978277 0.554285 -0.0779553 0.0971794 1.64369
-1.71002 0.92891 0.574337 -0.0938431 0.0203324 0.986212
-1.68102 0.946565 0.505798 0.0413161 -0.0833969 0.821843
-1.76489 0.900904 0.488485 -0.0968264 -0.0175551 0.986212
-1.76457 0.901069 0.471326 0.0010828 -0.0521984 0.328737
-1.86752 0.850465 0.438764 -0.0775502 -0.0220115 1.47932
-1.92156 0.826882 0.376423 -0.0448467 -0.047409 1.31495
-1.93623 0.82113 0.365911 -0.0479151 -0.0319783 0.328737
-2.04414 0.785728 0.255851 -0.0768122 -0.0743987 1.47932
-2.08807 0.775091 0.207173 -0.0687451 -0.0740389 0.657475
-2.12714 0.76799 0.143188 -0.0345246 -0.0556103 1.15058
-2.11878 0.768799 0.0362699 0.00639651 -0.08131 1.31495
-2.13703 0.768941 -0.0665392 -0.0158705 -0.0893541 1.15058
-2.21244 0.776858 -0.157874 -0.0769107 -0.0926121 0.986212
-2.31326 0.790892 -0.113133 -0.0774214 0.0340251 1.31495
-2.37617 0.797985 -0.110884 -0.0962873 0.0034213 0.657475
-2.38292 0.798737 -0.112325 -0.0413339 -0.00877205 0.164369
-2.40316 0.801321 -0.15148 -0.0310295 -0.0595522 0.657475
-2.37773 0.797211 -0.172442 0.0261231 -0.0212556 0.986212
-2.40596 0.802216 -0.184519 -0.0872178 -0.0367365 0.328737
-2.54378 0.825721 -0.149425 -0.0945165 0.0237229 1.47932
-2.58236 0.832633 -0.21909 -0.0476938 -0.0847668 0.821843
-2.68935 0.858337 -0.257995 -0.0956462 -0.0338135 1.15058
-2.64866 0.847257 -0.276801 0.0427654 -0.0190684 0.986212
-2.63491 0.843327 -0.283441 0.0434933 -0.0201996 0.328737
-2.62298 0.839572 -0.336838 0.0152256 -0.0649722 0.821843
-2.615 0.836339 -0.44688 0.0065519 -0.0836851 1.31495
-2.60196 0.829567 -0.523936 0.0149019 -0.0781338 0.986212
-2.59528 0.825482 -0.586466 0.00952841 -0.0760853 0.821843
-2.51137 0.76559 -0.662859 0.0784198 -0.0580955 1.31495
-2.43388 0.70864 -0.595046 0.0835962 0.0589379 1.15058
-2.42635 0.703547 -0.586973 0.0552735 0.0491152 0.164369
-2.3912 0.679764 -0.610422 0.0860758 -0.0475538 0.493106
-2.36746 0.663223 -0.606236 0.0251456 0.00363813 1.15058
-2.39805 0.686751 -0.719053 -0.0293658 -0.0857952 1.31495
-2.39552 0.684379 -0.794639 0.00302036 -0.0656944 1.15058
-2.40181 0.69099 -0.834928 -0.0138878 -0.0612778 0.657475
-2.3485 0.625627 -0.949824 0.0513429 -0.0699013 1.64369
-2.34234 0.617004 -0.953503 0.0645041 -0.0223858 0.164369
-2.336 0.608082 -0.951844 0.033291 0.0050478 0.328737
-2.30731 0.567026 -0.973734 0.0507859 -0.0221959 0.986212
-2.33735 0.614182 -1.04091 -0.0378025 -0.0454118 1.47932
-2.31191 0.572752 -0.992302 0.0422594 0.0422487 1.15058
-2.29754 0.550611 -1.00099 0.0535258 -0.0176283 0.493106
-2.22014 0.413651 -1.12411 0.0957707 -0.0749 1.64369
-2.19969 0.369278 -1.15739 0.0330302 -0.0224966 1.47932
-2.18713 0.340463 -1.16476 0.0637426 -0.014945 0.493106
-2.17207 0.305716 -1.15805 0.0256004 0.00453156 1.47932
-2.17051 0.302166 -1.15841 0.0235798 -0.0022004 0.164369
-2.14469 0.240597 -1.19393 0.0580313 -0.0308698 1.15058
-2.15819 0.2818 -1.32946 -0.0293321 -0.0916165 1.47932
-2.13601 0.192037 -1.32722 0.0937564 0.00227199 0.986212
-2.1263 0.149827 -1.37396 0.0658807 -0.0710953 0.657475
-2.12175 0.126351 -1.39585 0.0727415 -0.0665891 0.328737
-2.12025 0.117815 -1.39783 0.0263668 -0.00600663 0.328737
-2.1193 0.112394 -1.4015 0.0334782 -0.0223446 0.164369
-2.11695 0.0986594 -1.40747 0.0847733 -0.0362887 0.164369
-2.11467 0.0848228 -1.41575 0.085316 -0.0504122 0.164369
-2.11354 0.0775906 -1.40989 0.0445342 0.0356427 0.164369
-2.11716 0.106919 -1.49889 -0.0256914 -0.0773528 1.15058
-2.11226 0.0131923 -1.54326 0.0634493 -0.0299907 1.47932
-2.11266 -0.0209387 -1.63047 0.0207729 -0.0530595 1.64369
-2.11253 -0.018697 -1.64583 -0.0136625 -0.0934471 0.164369
-2.10931 0.00550327 -1.77454 -0.0165145 -0.087002 1.47932
-2.11677 -0.0321898 -1.75192 0.0584418 0.0343992 0.657475
-2.1292 -0.123274 -1.64591 0.079935 0.0921339 1.15058
-2.1302 -0.135588 -1.66271 0.025053 -0.0340544 0.493106
-2.12965 -0.130461 -1.69787 -0.00522848 -0.0356598 0.986212
-2.1304 -0.136228 -1.7055 0.0176902 -0.0231909 0.328737
-2.13374 -0.159943 -1.71736 0.0145708 -0.00721764 1.64369
-2.13487 -0.167566 -1.71318 0.0468784 0.0254337 0.164369
-2.13635 -0.177912 -1.7031 0.0635853 0.0613071 0.164369
-2.13808 -0.190924 -1.68689 0.0798626 0.098615 0.164369
-2.13817 -0.191725 -1.68798 0.00490748 -0.00659034 0.164369
-2.13228 -0.152281 -1.76081 -0.0346699 -0.0633042 1.15058
-2.14356 -0.221358 -1.69053 0.0851814 0.0855196 0.821843
-2.13979 -0.199587 -1.80871 -0.0168129 -0.0898724 1.31495
-2.14306 -0.212671 -1.82493 0.0136749 -0.0164484 0.986212
-2.14576 -0.223076 -1.83217 0.0654049 -0.0440424 0.164369
-2.14999 -0.238888 -1.8435 0.0995798 -0.068917 0.164369
-2.16425 -0.291089 -1.82718 0.0823038 0.0248244 0.657475
-2.18743 -0.375933 -1.85214 0.089187 -0.025311 0.986212
-2.21657 -0.461319 -1.96288 0.0784515 -0.0962516 1.15058
-2.222 -0.474772 -1.9385 0.0294244 0.0494422 0.493106
-2.25578 -0.566688 -1.90129 0.0993019 0.0377365 0.986212
-2.26763 -0.599182 -1.94742 0.035074 -0.0467753 0.986212
-2.25369 -0.564988 -1.97524 -0.0561631 -0.0423146 0.657475
-2.2898 -0.643591 -2.03506 0.0657911 -0.0454942 1.31495
-2.31055 -0.682388 -2.09958 0.0446205 -0.0654202 0.986212
-2.29375 -0.654662 -2.14251 -0.0493151 -0.0652978 0.657475
-2.29613 -0.657932 -2.27317 0.0024644 -0.0794896 1.64369
-2.33224 -0.704044 -2.18866 0.0356426 0.0514114 1.64369
-2.34833 -0.726639 -2.19038 0.0421822 -0.00261503 0.657475
-2.40528 -0.812735 -2.10836 0.0897438 0.0712882 1.15058
-2.40152 -0.806815 -2.17437 -0.00609684 -0.0573707 1.15058
-2.42566 -0.841586 -2.18458 0.0858491 -0.020707 0.493106
-2.46034 -0.891272 -2.17369 0.061435 0.0110446 0.986212
-2.48742 -0.929337 -2.215 0.0710577 -0.0628367 0.657475
-2.56106 -1.021 -2.28828 0.0795013 -0.049536 1.47932
-2.6568 -1.14176 -2.18357 0.0938001 0.0637047 1.64369
-2.69537 -1.19969 -2.1255 0.0529347 0.0441578 1.31495
-2.7017 -1.20992 -2.11975 0.0731686 0.0349707 0.164369
-2.71164 -1.22578 -2.15219 0.0379546 -0.0657857 0.493106
-2.71929 -1.23742 -2.14111 0.0847544 0.0674488 0.164369
-2.73327 -1.25993 -2.10779 0.0201516 0.0253375 1.31495
-2.74954 -1.28615 -2.15319 0.037553 -0.0552436 0.821843
-2.75648 -1.29638 -2.18818 0.015039 -0.0425751 0.821843
-2.79343 -1.34771 -2.20571 0.096197 -0.0266663 0.657475
-2.77813 -1.32735 -2.23104 -0.0387244 -0.0385241 0.657475
-2.77629 -1.32499 -2.2354 -0.00455252 -0.00662707 0.657475
-2.86557 -1.43004 -2.32508 0.0932206 -0.0606234 1.47932
-2.88036 -1.44519 -2.37464 0.0322014 -0.0753754 0.657475
-2.96328 -1.52728 -2.34495 0.0709928 0.0180604 1.64369
-2.956 -1.52033 -2.42537 -0.00875195 -0.0698924 1.15058
-3.02024 -1.57573 -2.43635 0.0860175 -0.0111334 0.986212
-3.06149 -1.61063 -2.44463 0.0821822 -0.0125961 0.657475
-3.08145 -1.62856 -2.36016 0.0272101 0.0856496 0.986212
-3.09474 -1.64191 -2.34138 0.0381997 0.0380933 0.493106
-3.10471 -1.65218 -2.32681 0.0870802 0.0886484 0.164369
-3.11078 -1.65862 -2.32746 0.0538752 -0.00399187 0.164369
-3.11543 -1.66384 -2.26298 0.00472927 0.0435935 1.47932
-3.14187 -1.69571 -2.26378 0.0314881 -0.00061318 1.31495
-3.14541 -1.69998 -2.26085 0.0168822 0.00893109 0.328737
-3.13097 -1.68171 -2.20725 -0.0283461 0.0652149 0.821843
-3.14047 -1.69427 -2.2338 0.0191647 -0.0323113 0.821843
-3.16422 -1.72549 -2.19596 0.0795593 0.0767522 0.493106
-3.21035 -1.78828 -2.21476 0.0474016 -0.0114388 1.64369
-3.24355 -1.83147 -2.24507 0.0828596 -0.0461093 0.657475
-3.24159 -1.82892 -2.19541 -0.00326486 0.0503589 0.986212
-3.24217 -1.82971 -2.18544 0.00598421 0.06063 0.164369
-3.2729 -1.87283 -2.19675 0.0644283 -0.0137509 0.821843
-3.24953 -1.84208 -2.26039 -0.0587524 -0.0968064 0.657475
-3.30812 -1.9166 -2.20609 0.0824011 0.0471992 1.15058
-3.31644 -1.92788 -2.20909 0.0852178 -0.0182446 0.164369
-3.29436 -1.89733 -2.17192 -0.0764319 0.0753795 0.493106
-3.33604 -1.962 -2.10519 0.066878 0.057992 1.15058
-3.329 -1.9492 -2.03189 -0.0111134 0.0557455 1.31495
-3.35426 -2.00068 -2.01848 0.0872207 0.0203993 0.657475
-3.34423 -1.97847 -1.9595 -0.0296535 0.0717564 0.821843
-3.35213 -2.00097 -1.84452 0.0161264 0.0777275 1.47932
-3.36782 -2.05539 -1.86292 0.0861437 -0.0279885 0.657475
-3.37199 -2.06981 -1.83175 0.0304545 0.0632238 0.493106
-3.3802 -2.10381 -1.77429 0.0354675 0.0582554 0.986212
-3.40427 -2.21423 -1.80019 0.0982278 -0.0225034 1.15058
-3.42024 -2.28177 -1.80714 0.0844484 -0.00846623 0.821843
-3.42782 -2.315 -1.77161 0.0691157 0.0720528 0.493106
-3.43453 -2.34711 -1.79152 0.0997753 -0.0605452 0.328737
-3.42502 -2.29592 -1.70497 -0.0452663 0.0752184 1.15058
-3.43044 -2.3324 -1.74505 0.074811 -0.0812816 0.493106
-3.4347 -2.36315 -1.65701 0.0314836 0.089274 0.986212
-3.44579 -2.47853 -1.67867 0.078355 -0.0146392 1.47932
-3.44925 -2.50618 -1.72322 0.0423906 -0.0677723 0.657475
-3.47317 -2.62279 -1.83539 0.0805077 -0.075821 1.47932
-3.48658 -2.67662 -1.78105 0.0843876 0.0826476 0.657475
-3.49103 -2.69687 -1.79589 0.0210235 -0.0150531 0.986212
-3.49463 -2.71258 -1.7877 0.0980771 0.0498427 0.164369
-3.49875 -2.73119 -1.79151 0.0579783 -0.0115776 0.328737
-3.50092 -2.74087 -1.79471 0.0603638 -0.0194797 0.164369
-3.508 -2.78174 -1.67471 0.0315617 0.0912599 1.31495
-3.51428 -2.8435 -1.66841 0.0755301 0.00766039 0.821843
-3.52395 -2.90551 -1.79891 0.0477633 -0.099241 1.31495
-3.55377 -3.03831 -1.78277 0.0828077 0.00982179 1.64369
-3.55096 -3.026 -1.81366 -0.015364 -0.037591 0.821843
-3.54994 -3.02044 -1.67558 -0.00382845 0.0933388 1.47932
-3.55462 -3.07771 -1.61352 0.0874107 0.0943895 0.657475
-3.55567 -3.1124 -1.5806 0.0527923 0.0500671 0.657475
-3.55687 -3.20784 -1.58701 0.0829611 -0.0055664 1.15058
-3.5567 -3.28344 -1.54266 0.0766637 0.0449684 0.986212
-3.55607 -3.3132 -1.57075 0.0905425 -0.0854485 0.328737
-3.54763 -3.44339 -1.42526 0.0882666 0.0983478 1.47932
-3.53925 -3.50451 -1.44677 0.0536212 -0.0186895 1.15058
-3.53785 -3.51652 -1.46696 0.0147089 -0.0245759 0.821843
-3.53321 -3.55958 -1.45858 0.0376419 0.00728697 1.15058
-3.53141 -3.56983 -1.32058 0.0070409 0.0932882 1.47932
-3.5334 -3.56245 -1.29134 -0.00516984 0.0197652 1.47932
-3.52287 -3.59718 -1.24667 0.0736169 0.0905791 0.493106
-3.50204 -3.66235 -1.28339 0.08325 -0.0446772 0.821843
-3.47864 -3.73646 -1.23731 0.094568 0.0560693 0.821843
-3.46585 -3.77172 -1.19376 0.0760725 0.0883142 0.493106
-3.4547 -3.79624 -1.08007 0.0204979 0.0864645 1.31495
-3.4938 -3.73349 -0.932114 -0.0450252 0.0900125 1.64369
-3.59195 -3.61093 -0.850876 -0.0955471 0.049424 1.64369
-3.60831 -3.59334 -0.78035 -0.0243693 0.0715119 0.986212
-3.67142 -3.53612 -0.682985 -0.0518451 0.0592362 1.64369
-3.68791 -3.52275 -0.677432 -0.043059 0.0112611 0.493106
-3.76006 -3.46663 -0.638195 -0.0926854 0.0397853 0.986212
-3.71305 -3.49945 -0.566445 0.0697724 0.0873034 0.821843
-3.68889 -3.51436 -0.529817 0.0431769 0.0557107 0.657475
-3.73101 -3.48985 -0.52123 -0.0988148 0.0174137 0.493106
-3.807 -3.45106 -0.411809 -0.0519338 0.0665707 1.64369
-3.79259 -3.45714 -0.383147 0.0135925 0.024911 1.15058
-3.78384 -3.46056 -0.350897 0.0190461 0.0654017 0.493106
-3.76045 -3.46774 -0.230016 0.0186208 0.0919283 1.31495
-3.77028 -3.46552 -0.207302 -0.0204458 0.046062 0.493106
-3.86128 -3.44839 -0.159446 -0.0625994 0.0323504 1.47932
-3.92591 -3.43768 -0.171537 -0.0797174 -0.0147128 0.821843
-3.9302 -3.43694 -0.166245 -0.00882038 0.0107329 0.493106
-3.93935 -3.43542 -0.162698 -0.0282257 0.0107893 0.328737
-3.85634 -3.44648 -0.0947006 0.056625 0.0459654 1.47932
-3.87255 -3.44494 -0.102705 -0.0990557 -0.0486964 0.164369
-3.87239 -3.44496 -0.0987453 0.000956923 0.0240891 0.164369
-4.02005 -3.43759 0.0113421 -0.0999935 0.0744177 1.47932
-3.91878 -3.4307 0.14079 0.0772502 0.0984435 1.31495
-3.95477 -3.43792 0.267946 -0.0223491 0.0773603 1.64369
-3.97757 -3.44424 0.277471 -0.0719625 0.028972 0.328737
-4.05829 -3.47009 0.350539 -0.0573087 0.0493931 1.47932
-4.14116 -3.50217 0.394483 -0.0772408 0.0381928 1.15058
-4.18453 -3.52113 0.436954 -0.0479967 0.0430654 0.986212
-4.28186 -3.56622 0.429612 -0.0932264 -0.00638129 1.15058
-4.30984 -3.57967 0.47267 -0.0269869 0.0374226 1.15058
-4.32316 -3.58618 0.423983 -0.0225423 -0.0740517 0.657475
-4.32124 -3.58528 0.457018 0.00214903 0.0334973 0.986212
-4.34225 -3.59563 0.459549 -0.0712381 0.00769938 0.328737
-4.40002 -3.62313 0.421666 -0.0778627 -0.046095 0.821843
-4.45019 -3.64185 0.276155 -0.0362307 -0.0983641 1.47932
-4.29236 -3.60654 0.151566 0.0984583 -0.0757981 1.64369
-4.17961 -3.59695 0.00324957 0.0689049 -0.0902341 1.64369
-4.23029 -3.59384 -0.141862 -0.0343481 -0.0980935 1.47932
-4.14936 -3.60652 -0.173392 0.0711986 -0.0274032 1.15058
-4.11899 -3.61203 -0.186801 0.0208645 -0.00906454 1.47932
-4.114 -3.61298 -0.198045 0.0154455 -0.034205 0.328737
-4.07464 -3.62058 -0.178153 0.060976 0.0302552 0.657475
-4.10465 -3.61445 -0.231108 -0.0232999 -0.040271 1.31495
-3.99027 -3.64865 -0.363084 0.0726845 -0.080293 1.64369
-4.02381 -3.6349 -0.423571 -0.0315072 -0.0525704 1.15058
-4.01428 -3.6392 -0.420286 0.0635961 0.0199859 0.164369
-4.05308 -3.61997 -0.511332 -0.0329456 -0.0692391 1.31495
-4.03722 -3.62883 -0.506567 0.0368413 0.00966225 0.493106
-3.98178 -3.65898 -0.483947 0.0959883 0.0344047 0.657475
-3.96678 -3.66681 -0.472471 0.0514736 0.034908 0.328737
-3.8422 -3.73951 -0.597908 0.0975674 -0.0847938 1.47932
-3.8688 -3.72161 -0.575977 -0.0975215 0.0667152 0.328737
-3.78966 -3.77195 -0.553519 0.0951034 0.0227715 0.986212
-3.7701 -3.78367 -0.511764 0.0462474 0.0846772 0.493106
-3.78202 -3.77689 -0.533957 -0.0417207 -0.0675096 0.328737
-3.79549 -3.76892 -0.532131 -0.0951858 0.0111092 0.164369
-3.84571 -3.74014 -0.502869 -0.070438 0.0356052 0.821843
-3.82199 -3.75346 -0.525048 0.0331007 -0.0269869 0.821843
-3.83591 -3.74543 -0.521217 -0.00977107 0.00233079 1.64369
-3.84599 -3.73964 -0.52209 -0.0707515 -0.00531008 0.164369
-3.85902 -3.73215 -0.52403 -0.091464 -0.0118026 0.164369
-3.851 -3.73678 -0.523525 0.0281886 0.00153597 0.328737
